Rotate:
EM1: 1248, 1416, 1648
EM2: 416, 720, 1320, 1368

Focal length:
EM1: 2312, 2408

No information:
EM2: 1700~1712

		t_position = [-33.79384209, -28.94875791, -160.28407521]
		t_orientation = [-0.89581517, 0.32385322, -0.30435879]
		t_up = [0.43895517, 0.53761082, -0.71992567]